INSERT INTO components_computer ("name", "cpu_id", "cpuCooler_id", "gpu_id", "motherboard_id", "psu_id", "ram_id", "storage_id") VALUES
('Ladoga1' 22, 21, 5, 3, 7, 9, 9),
('Seliger5' 19, 21, 7, 8, 5, 4, 4),
('Ladoga3' 17, 20, 5, 3, 7, 8, 15),
('Onega3' 11, 14, 5, 6, 3, 4, 4),
('Ilmen2' 12, 13, 4, 5, 7, 6, 4),
('Onega6' 11, 14, 4, 5, 7, 4, 4),
('Ladoga7' 17, 20, 4, 5, 7, 8, 4);


('Baikal4', 1, 4, 5, 6, 7, 8, 9),
('RosAtom1', 1, 4, 5, 6, 7, 8, 9),
('Baikal1', 1, 4, 5, 6, 7, 8, 9),
('Baikal2', 2, 4, 5, 6, 7, 8, 9),
('Baikal3', 3, 4, 20, 6, 7, 8, 9),
('Baikal4', 4, 4, 19, 6, 7, 8, 9),
('Baikal5', 4, 4, 18, 6, 7, 8, 9),
('Baikal6', 3, 6, 18, 6, 7, 8, 9),
('Baikal7', 4, 7, 18, 6, 7, 8, 9),
('Baikal8', 6, 8, 18, 6, 7, 8, 9),
('Baikal9', 8, 6, 15, 6, 7, 8, 9),
('Baikal10', 1, 6, 15, 6, 7, 8, 9),
('Baikal2436', 1, 15, 5, 6, 7, 8, 9),
('Yandex', 20, 4, 15, 6, 7, 8, 9),
('Baikal93', 20, 6, 15, 6, 7, 8, 9),
('Baikal11', 21, 7, 15, 6, 7, 8, 9),
('Baikal962', 22, 4, 15, 6, 7, 8, 9),
('Baikal091', 10, 7, 11, 6, 7, 8, 9),
('Kama1', 11, 4, 5, 11, 7, 8, 9),
('gasrossiyskiy', 1, 4, 5, 6, 7, 8, 9),
('Google', 11, 4, 11, 6, 7, 8, 9),
('Baikal', 11, 4, 11, 5, 7, 8, 9),
('X5rg', 11, 4, 17, 6, 7, 8, 9),
('Baikal6602', 11, 4, 17, 6, 7, 8, 9),
('Baikal08734', 11, 4, 17, 6, 7, 8, 9),
('Baikal67893', 11, 4, 17, 6, 7, 8, 9),
('Baikal1-1346', 11, 4, 19, 6, 7, 8, 9),
('Baikal2343', 12, 12, 19, 6, 7, 8, 9),
('Baikal9835m2', 12, 16, 19, 6, 7, 8, 9),
('Baikal345n25', 12, 18, 19, 6, 7, 8, 9),
('Baikal82k23', 12, 18, 5, 6, 7, 8, 9),
('Baikal836h236', 12, 18, 5, 6, 7, 8, 9),
('Cringe1', 12, 18, 17, 6, 7, 8, 9),
('Cringe28', 12, 18, 5, 6, 7, 8, 9),
('Baikal235j235', 12, 18, 5, 6, 7, 8, 9),
('Baikal5738hgg2', 12, 18, 5, 6, 7, 8, 9),
('Baikal9725jh2', 12, 18, 5, 6, 7, 8, 9),
('Baikal357hgg23', 12, 18, 5, 6, 7, 8, 9),
('Baikal3457hgg23', 12, 18, 5, 6, 7, 8, 9),
('Baikal3452gg25', 12, 18, 5, 6, 7, 8, 9),
('Cringe2', 16, 19, 5, 6, 7, 8, 9),
('Baikal08723ff2', 16, 4, 5, 6, 7, 8, 9),
('Cringe4', 16, 20, 5, 6, 7, 8, 9),
('Baikal923hhgf23', 16, 20, 5, 6, 7, 8, 9),
('Baikal23hf324', 18, 20, 5, 6, 7, 8, 9),
('Baikal846bjg32', 18, 20, 5, 6, 7, 8, 9),
('Baikal356hch2', 18, 20, 5, 6, 7, 8, 9),
('Baikal2323hf23', 18, 19, 5, 6, 7, 8, 9),
('Baikal326hg32', 18, 19, 5, 6, 7, 8, 9);


